1   300
2   500
3   650
4   720
5   850
6   900
7   1000
8   1100
9   1150
10  1250
11  1300
12  1380
13  1420
14  1500
15  1550
16  1600
17  1650
18  1700
19  1750
20  1800
21  1850
22  1880
23  1920
24  1950
25  1980
26  2000
27  2020
28  2050
29  2080
30  2100
31  2120
32  2150
33  2180
34  2200
35  2220
36  2250
37  2270
38  2300
39  2320
40  2350
41  2370
42  2400
43  2420
44  2450
45  2470
46  2500
47  2520
48  2550
49  2570
50  2600
51  2620
52  2650
53  2670
54  2700
55  2720
56  2750
57  2770
58  2800
59  2820
60  2850
61  2870
62  2900
63  2920
64  2950
65  2970
66  3000
67  3020
68  3050
69  3070
70  3100
71  3120
72  3150
73  3170
74  3200
75  3220
76  3250
77  3270
78  3300
79  3320
80  3350
81  3370
82  3400
83  3420
84  3450
85  3470
86  3500
87  3520
88  3550
89  3570
90  3600
91  3620
92  3650
93  3670
94  3700
95  3720
96  3750
97  3770
98  3800
99  3820
100 3850